<?xml version="1.0"?>
<opencv_storage>
<intrinsic type_id="opencv-matrix">
  <rows>3</rows>
  <cols>3</cols>
  <dt>f</dt>
  <data>
    828.24662623430254 0. 957.71266523916222 0. 1035.80681761629717 542.24326306615001 0.
    0. 1.</data></intrinsic>
<rotation type_id="opencv-matrix">
  <rows>1</rows>
  <cols>3</cols>
  <dt>f</dt>
  <data>
    2.18865061e+00 -2.13125563e+00 1.15200274e-01</data></rotation>
<translation type_id="opencv-matrix">
  <rows>1</rows>
  <cols>3</cols>
  <dt>f</dt>
  <data>
    9.58436279e+01 3.70939674e+01 4.92913475e+01</data></translation>
<distortion type_id="opencv-matrix">
  <rows>1</rows>
  <cols>5</cols>
  <dt>f</dt>
  <data>
    0.00287576488996 -0.04794656986762 -0.00807951930921 0.00507206261373 -0.02053151804353</data></distortion>
</opencv_storage>
